North1
36.89046910
118.18165200
1135.4

North2
36.858713715
118.171024402
1133.0

Middle
36.823253747
118.152542653
1125.4

Railroad
36.827198019
118.128576358
1128.1

Low Inyo
36.879301237
118.100626007
1761.9

Santa Rita
36.920047179
118.121992801
2176.5

Mazourka
36.974447253
118.119364967
2843.9

Windy Hill
36.794349803
118.302563606
2115.9

Trailhead
36.774322338
118.337822252
2766.3

Airport
36.824762355
118.190642830
1142.7

Notch
36.775229301
118.312870406
2557.3

DRI 1
36.768454925
118.276087230
1708.0

Fish Hatchery
36.830147565
118.246417588
1294.2

DRI 4
36.794681603
118.166195450
1142.1

BLM
36.804067819
118.227634541
1274.7




