01;36.768435;-118.276056;1710.2
02;36.777773;-118.243217;1449.0
03;36.786456;-118.207862;1244.5
04;36.794699;-118.166160;1143.1
05;36.800682;-118.132846;1117.6
06;36.810954;-118.091421;1188.6
07;36.754175;-118.254373;1549.7
08;36.760990;-118.229160;1413.4
09;36.765776;-118.189628;1214.8
10;36.772978;-118.163339;1152.9
11;36.780817;-118.127424;1122.1
12;36.785210;-118.106541;1115.5
13;36.719302;-118.204140;1411.7
14;36.728549;-118.171114;1206.8
15;36.741148;-118.115641;1111.3
16;36.739741;-118.088228;1109.1
