




   Stratton            COLORADO                 ( 5-8019)      1994
 DATE TIME   AIR TEMP REL HUM  SOIL TMP WIND SP  WIND DIR  SOLAR    PRECIP 
                F        %        F      MI/HR    DEGREES  W/M**2   INCHES 
  3 31  100   31.09    21.27    43.47    11.02   288.90      .00      .00E
  3 31  200   30.84    21.32    43.02    10.57   297.50      .00      .00E
  3 31  300   30.57    21.37    42.61     9.65   307.30      .00      .00E
  3 31  400   32.05    21.09    42.22    10.78   316.40      .00      .00E
  3 31  500   33.70    20.75    41.87    11.26   329.70      .00      .00E
  3 31  600   30.05    21.50    41.56     9.38   321.70     6.10      .00E
  3 31  700   33.90    20.74    41.26     9.60   321.90   130.40      .00E
  3 31  800   45.81    18.32    40.99     9.89     6.51   337.40      .00E
  3 31  900   53.29    16.85    40.89     9.30    19.56   539.60      .00E
  3 31 1000   58.03    15.90    41.11    10.67    22.63   708.00      .00E
  3 31 1100   61.38    15.21    41.71    10.20    16.06   830.00      .00E
  3 31 1200   61.95    15.09    42.64    10.16     1.43   892.00      .00E
  3 31 1300   64.72    14.54    43.81    11.01    17.05   887.00      .00E
  3 31 1400   66.67    14.15    45.10    11.52    11.10   819.00      .00E
  3 31 1500   66.94    14.11    46.33    10.48    10.69   693.40      .00E
  3 31 1600   66.85    14.14    47.41     9.92    12.16   520.40      .00E
  3 31 1700   66.40    14.24    48.24     7.40    18.56   315.30      .00E
  3 31 1800   63.90    14.72    48.72     3.89    32.10   108.50      .00E
  3 31 1900   51.15    17.26    48.87     1.11    53.45     2.96      .00E
  3 31 2000   43.11    18.87    48.65     1.07   169.70      .00      .00E
  3 31 2100   36.99    20.10    48.16     1.46   235.60      .00      .00E
  3 31 2200   33.88    20.71    47.59     4.47   240.00      .00      .00E
  3 31 2300   29.55    21.57    47.01     5.70   234.00      .00      .00E
  3 31 2400   32.11    21.06    46.44     6.65   238.70      .00      .00E
  4  1  100   30.19    21.47    45.91     6.91   231.70      .00      .00E
  4  1  200   30.44    21.45    45.41     8.22   237.10      .00      .00E
  4  1  300   29.52    21.64    44.94     8.31   239.00      .00      .00E
  4  1  400   29.18    21.71    44.49     7.88   236.10      .00      .00E
  4  1  500   27.61    22.03    44.08     7.69   232.00      .00      .00E
  4  1  600   29.92    21.56    43.68     8.53   232.50     7.91      .00E
  4  1  700   38.63    19.80    43.29     9.37   226.60   137.50      .00E
  4  1  800   51.53    17.18    42.99    13.37   219.20   343.40      .00E
  4  1  900   59.11    15.68    42.90    14.16   220.00   545.50      .00E
  4  1 1000   64.51    14.58    43.12    11.68   226.40   712.00      .00E
  4  1 1100   67.86    13.92    43.69    10.08   203.70   831.00      .00E
  4  1 1200   70.30    13.47    44.60     8.47   185.30   892.00      .00E
  4  1 1300   72.16    13.08    45.81     8.25   184.70   899.00      .00E
  4  1 1400   73.02    12.88    47.17     8.93   181.40   825.00      .00E
  4  1 1500   73.85    12.71    48.52     5.84   151.70   660.80      .00E
  4  1 1600   72.57    12.97    49.75     7.04   358.30   361.10      .00E
  4  1 1700   71.35    13.22    50.61     6.09    16.79   160.90      .00E
  4  1 1800   64.53    14.61    51.08     4.21    33.68    32.13      .00E
  4  1 1900   56.30    16.22    51.15     4.59    23.51     1.03      .00E
  4  1 2000   53.33    16.82    50.95     5.61    20.90      .00      .00E
  4  1 2100   53.76    16.73    50.63     8.90    31.16      .00      .00E
  4  1 2200   50.13    17.46    50.25     7.46    18.27      .00      .00E
  4  1 2300   47.80    17.93    49.91     8.23     6.91      .00      .00E
  4  1 2400   44.89    18.55    49.59     9.59    10.33      .00      .00E
  4  2  100   42.64    19.00    49.24     7.80    14.23      .00      .00E
  4  2  200   41.92    19.15    48.92     9.20    23.61      .00      .00E
  4  2  300   43.38    18.83    48.58    12.73    18.68      .00      .00E
  4  2  400   42.90    18.94    48.27    17.34    22.98      .00      .00E
